   0.0000000e+00   8.4000000e+01   8.1000000e+01   1.0000000e+01   4.0000000e+01   3.9000000e+01   5.0000000e+00   8.3000000e+01   1.0000000e+01   7.8000000e+01   8.8000000e+01   7.4000000e+01   8.8000000e+01   1.6000000e+01   2.1000000e+01
   8.4000000e+01   0.0000000e+00   3.9000000e+01   6.7000000e+01   6.2000000e+01   3.8000000e+01   3.0000000e+00   1.6000000e+01   4.3000000e+01   4.7000000e+01   7.0000000e+01   9.7000000e+01   4.0000000e+00   1.7000000e+01   3.4000000e+01
   8.1000000e+01   3.9000000e+01   0.0000000e+00   5.3000000e+01   1.2000000e+01   5.0000000e+01   9.8000000e+01   9.4000000e+01   4.0000000e+00   1.6000000e+01   2.4000000e+01   1.7000000e+01   2.0000000e+01   3.8000000e+01   6.0000000e+01
   1.0000000e+01   6.7000000e+01   5.3000000e+01   0.0000000e+00   4.3000000e+01   9.0000000e+01   8.4000000e+01   6.0000000e+01   5.0000000e+01   4.3000000e+01   4.6000000e+01   8.0000000e+01   5.3000000e+01   2.0000000e+01   1.0000000e+00
   4.0000000e+01   6.2000000e+01   1.2000000e+01   4.3000000e+01   0.0000000e+00   8.6000000e+01   1.8000000e+01   1.0000000e+00   2.8000000e+01   1.4000000e+01   5.8000000e+01   3.4000000e+01   2.0000000e+00   3.0000000e+00   5.5000000e+01
   3.9000000e+01   3.8000000e+01   5.0000000e+01   9.0000000e+01   8.6000000e+01   0.0000000e+00   5.8000000e+01   9.2000000e+01   9.0000000e+01   6.2000000e+01   9.9000000e+01   9.3000000e+01   6.4000000e+01   5.0000000e+01   8.3000000e+01
   5.0000000e+00   3.0000000e+00   9.8000000e+01   8.4000000e+01   1.8000000e+01   5.8000000e+01   0.0000000e+00   5.3000000e+01   9.3000000e+01   6.9000000e+01   9.8000000e+01   2.7000000e+01   1.9000000e+01   5.0000000e+01   8.6000000e+01
   8.3000000e+01   1.6000000e+01   9.4000000e+01   6.0000000e+01   1.0000000e+00   9.2000000e+01   5.3000000e+01   0.0000000e+00   3.0000000e+01   3.5000000e+01   3.9000000e+01   5.5000000e+01   2.5000000e+01   1.2000000e+01   4.1000000e+01
   1.0000000e+01   4.3000000e+01   4.0000000e+00   5.0000000e+01   2.8000000e+01   9.0000000e+01   9.3000000e+01   3.0000000e+01   0.0000000e+00   1.6000000e+01   1.0000000e+01   9.6000000e+01   7.0000000e+00   1.1000000e+01   5.2000000e+01
   7.8000000e+01   4.7000000e+01   1.6000000e+01   4.3000000e+01   1.4000000e+01   6.2000000e+01   6.9000000e+01   3.5000000e+01   1.6000000e+01   0.0000000e+00   2.8000000e+01   1.3000000e+01   9.7000000e+01   6.3000000e+01   9.1000000e+01
   8.8000000e+01   7.0000000e+01   2.4000000e+01   4.6000000e+01   5.8000000e+01   9.9000000e+01   9.8000000e+01   3.9000000e+01   1.0000000e+01   2.8000000e+01   0.0000000e+00   9.4000000e+01   9.1000000e+01   4.4000000e+01   6.2000000e+01
   7.4000000e+01   9.7000000e+01   1.7000000e+01   8.0000000e+01   3.4000000e+01   9.3000000e+01   2.7000000e+01   5.5000000e+01   9.6000000e+01   1.3000000e+01   9.4000000e+01   0.0000000e+00   4.8000000e+01   3.6000000e+01   1.1000000e+01
   8.8000000e+01   4.0000000e+00   2.0000000e+01   5.3000000e+01   2.0000000e+00   6.4000000e+01   1.9000000e+01   2.5000000e+01   7.0000000e+00   9.7000000e+01   9.1000000e+01   4.8000000e+01   0.0000000e+00   6.9000000e+01   8.0000000e+01
   1.6000000e+01   1.7000000e+01   3.8000000e+01   2.0000000e+01   3.0000000e+00   5.0000000e+01   5.0000000e+01   1.2000000e+01   1.1000000e+01   6.3000000e+01   4.4000000e+01   3.6000000e+01   6.9000000e+01   0.0000000e+00   4.1000000e+01
   2.1000000e+01   3.4000000e+01   6.0000000e+01   1.0000000e+00   5.5000000e+01   8.3000000e+01   8.6000000e+01   4.1000000e+01   5.2000000e+01   9.1000000e+01   6.2000000e+01   1.1000000e+01   8.0000000e+01   4.1000000e+01   0.0000000e+00
