   0.0000000e+00   7.9000000e+01   3.2000000e+01   5.7000000e+01   6.8000000e+01   9.9000000e+01   9.7000000e+01   8.0000000e+01   9.0000000e+01   1.0000000e+01   1.1000000e+01   4.9000000e+01
   7.9000000e+01   0.0000000e+00   9.6000000e+01   6.2000000e+01   5.5000000e+01   1.1000000e+01   7.9000000e+01   1.7000000e+01   2.8000000e+01   8.8000000e+01   6.2000000e+01   3.2000000e+01
   3.2000000e+01   9.6000000e+01   0.0000000e+00   8.9000000e+01   2.1000000e+01   3.3000000e+01   4.0000000e+00   2.6000000e+01   7.5000000e+01   7.8000000e+01   2.2000000e+01   4.5000000e+01
   5.7000000e+01   6.2000000e+01   8.9000000e+01   0.0000000e+00   2.3000000e+01   5.7000000e+01   6.8000000e+01   6.6000000e+01   3.2000000e+01   1.5000000e+01   1.2000000e+01   6.9000000e+01
   6.8000000e+01   5.5000000e+01   2.1000000e+01   2.3000000e+01   0.0000000e+00   3.3000000e+01   8.4000000e+01   5.4000000e+01   9.5000000e+01   5.0000000e+00   1.5000000e+01   1.0000000e+01
   9.9000000e+01   1.1000000e+01   3.3000000e+01   5.7000000e+01   3.3000000e+01   0.0000000e+00   1.4000000e+01   8.6000000e+01   2.9000000e+01   5.3000000e+01   9.7000000e+01   7.5000000e+01
   9.7000000e+01   7.9000000e+01   4.0000000e+00   6.8000000e+01   8.4000000e+01   1.4000000e+01   0.0000000e+00   9.5000000e+01   7.4000000e+01   1.5000000e+01   8.5000000e+01   5.6000000e+01
   8.0000000e+01   1.7000000e+01   2.6000000e+01   6.6000000e+01   5.4000000e+01   8.6000000e+01   9.5000000e+01   0.0000000e+00   3.4000000e+01   3.8000000e+01   7.9000000e+01   2.7000000e+01
   9.0000000e+01   2.8000000e+01   7.5000000e+01   3.2000000e+01   9.5000000e+01   2.9000000e+01   7.4000000e+01   3.4000000e+01   0.0000000e+00   2.2000000e+01   8.0000000e+01   4.3000000e+01
   1.0000000e+01   8.8000000e+01   7.8000000e+01   1.5000000e+01   5.0000000e+00   5.3000000e+01   1.5000000e+01   3.8000000e+01   2.2000000e+01   0.0000000e+00   4.1000000e+01   2.0000000e+01
   1.1000000e+01   6.2000000e+01   2.2000000e+01   1.2000000e+01   1.5000000e+01   9.7000000e+01   8.5000000e+01   7.9000000e+01   8.0000000e+01   4.1000000e+01   0.0000000e+00   5.5000000e+01
   4.9000000e+01   3.2000000e+01   4.5000000e+01   6.9000000e+01   1.0000000e+01   7.5000000e+01   5.6000000e+01   2.7000000e+01   4.3000000e+01   2.0000000e+01   5.5000000e+01   0.0000000e+00
