   0.0000000e+00   2.1000000e+01   9.5000000e+01   8.2000000e+01   5.6000000e+01   4.1000000e+01   6.0000000e+00   2.5000000e+01   1.0000000e+01   4.0000000e+00
   2.1000000e+01   0.0000000e+00   6.3000000e+01   6.0000000e+00   4.4000000e+01   4.0000000e+01   7.5000000e+01   7.9000000e+01   0.0000000e+00   8.9000000e+01
   9.5000000e+01   6.3000000e+01   0.0000000e+00   3.5000000e+01   9.0000000e+00   1.0000000e+00   8.5000000e+01   8.4000000e+01   1.2000000e+01   0.0000000e+00
   8.2000000e+01   6.0000000e+00   3.5000000e+01   0.0000000e+00   2.6000000e+01   9.1000000e+01   1.1000000e+01   3.5000000e+01   8.2000000e+01   2.6000000e+01
   5.6000000e+01   4.4000000e+01   9.0000000e+00   2.6000000e+01   0.0000000e+00   6.9000000e+01   5.6000000e+01   8.6000000e+01   4.5000000e+01   9.1000000e+01
   4.1000000e+01   4.0000000e+01   1.0000000e+00   9.1000000e+01   6.9000000e+01   0.0000000e+00   5.9000000e+01   1.8000000e+01   7.6000000e+01   3.9000000e+01
   6.0000000e+00   7.5000000e+01   8.5000000e+01   1.1000000e+01   5.6000000e+01   5.9000000e+01   0.0000000e+00   1.8000000e+01   5.7000000e+01   3.6000000e+01
   2.5000000e+01   7.9000000e+01   8.4000000e+01   3.5000000e+01   8.6000000e+01   1.8000000e+01   1.8000000e+01   0.0000000e+00   6.1000000e+01   3.6000000e+01
   1.0000000e+01   0.0000000e+00   1.2000000e+01   8.2000000e+01   4.5000000e+01   7.6000000e+01   5.7000000e+01   6.1000000e+01   0.0000000e+00   2.1000000e+01
   4.0000000e+00   8.9000000e+01   0.0000000e+00   2.6000000e+01   9.1000000e+01   3.9000000e+01   3.6000000e+01   3.6000000e+01   2.1000000e+01   0.0000000e+00
